/*--------------------------------*- C++ -*----------------------------------*\
| =========                 |                                                 |
| \\      /  F ield         | OpenFOAM: The Open Source CFD Toolbox           |
|  \\    /   O peration     | Version:  2412                                  |
|   \\  /    A nd           | Website:  www.openfoam.com                      |
|    \\/     M anipulation  |                                                 |
\*---------------------------------------------------------------------------*/
FoamFile
{
    version     2.0;
    format      ascii;
    arch        "LSB;label=32;scalar=64";
    class       faceSet;
    location    "constant/polyMesh/sets";
    object      nonOrthoFaces;
}
// * * * * * * * * * * * * * * * * * * * * * * * * * * * * * * * * * * * * * //


2134
(
90112
139265
155650
90114
90118
442385
98331
385066
417835
98348
442414
442416
442418
442420
385076
139317
139332
229448
401483
139342
401496
401499
417884
401501
417886
401512
286824
155755
286835
286839
352384
106624
417928
417929
417932
417933
401550
401552
155794
417940
155796
155803
393372
286882
286884
155812
393381
106662
106665
237749
155830
442555
401596
155836
155838
155840
155844
98501
155846
401612
180428
155856
393426
155860
393429
90326
401626
180446
418033
155895
155901
155904
180482
180491
180494
221457
106770
221459
180506
155934
377119
155941
377131
377143
393532
377151
254284
377165
418127
377182
377184
418145
352625
74130
410003
410005
410006
213398
98712
131489
213411
131491
188837
147877
147880
311721
213426
410036
410037
352696
147898
115134
311746
213476
147944
147945
279020
213486
213494
213501
172550
254472
197128
434697
254477
279054
254479
197136
254487
410145
434731
434734
328248
279099
434753
279106
434755
279107
107079
82506
197195
328268
197198
401999
197200
402018
279148
279150
279152
328310
410239
385666
279174
402055
402056
279177
410251
385675
279179
279181
410255
254608
385683
254611
443028
385685
443031
115351
254620
385693
82589
443038
254623
443041
393895
385716
434888
336595
139987
393956
393960
393963
336620
336622
336624
402162
148210
148211
434933
123651
123660
82702
82712
467774
336717
402256
312146
312147
312150
312152
402272
164710
148330
148334
394104
82808
148345
82811
148362
148364
140181
156566
377767
377769
156585
148393
132010
132012
132017
467891
148407
148410
467902
148414
148421
148424
230356
230359
271323
156635
156638
271328
156642
156644
394218
426997
394234
246779
271369
271371
156687
107540
156694
107542
304151
156699
304156
361501
156701
246814
361503
107551
156705
246818
271395
246820
246822
468013
427063
418873
361530
271418
91199
107595
271445
377950
361571
304229
386157
386160
386162
107634
377974
107638
337017
337032
337033
230537
230541
296079
107663
337040
230545
107665
427155
337043
296084
337045
337046
427159
124056
156827
435362
386211
435365
378023
378027
427183
427185
427187
378035
378038
378041
230599
230602
230607
230609
148692
99541
99544
427230
124135
181484
353520
181491
353526
402685
99598
132387
132390
132394
132397
353586
181554
230714
230716
378173
132414
378175
124226
124231
124235
124237
369999
124239
386385
107857
410969
410975
435558
370025
468330
410996
132468
83320
370046
83328
370049
116099
370055
91534
386454
411033
411035
132509
132510
116127
116129
411045
132518
91565
132526
91573
411065
386492
132542
386495
230849
230851
419274
91594
419282
411093
394711
140760
394713
394715
132577
394724
91621
116198
468459
394732
419309
394737
394740
394743
83457
419334
99850
91666
132628
91669
132630
132635
116251
132638
386597
165413
116262
116264
165421
165427
165430
83512
165433
386619
386621
165437
165439
99908
165449
353866
108106
353868
165452
157260
108122
99939
165479
99945
149099
296558
149103
190067
165491
165493
296567
190072
165498
99967
296576
99969
165512
296587
296589
157325
99982
124560
99987
296599
419482
353949
100002
386729
100010
255660
100016
296631
403146
403148
427749
362221
411376
206578
206585
91907
91933
411424
91936
411427
255784
255785
255787
329521
206642
255797
411447
206651
124733
206654
91967
206657
124737
91970
206660
124746
206668
329549
141134
206672
141136
411478
124758
91990
206682
198490
444251
255838
198494
444257
411496
206712
141179
141181
206725
206731
206733
124820
124825
444314
124827
444317
141214
141215
124831
444320
141216
395176
395178
206766
141231
206770
116661
124854
141258
133066
141262
133071
419794
157653
133077
157655
419808
419810
411624
403433
362476
116718
280561
280564
280565
83981
403472
321552
100370
403475
100371
141332
403477
387095
419864
387098
100382
116768
100385
141346
280612
141350
100392
116777
362538
403499
362540
116783
403506
419891
346171
346173
133181
141377
141382
133195
346199
403545
403547
157792
223329
206956
133228
133231
206960
133234
206970
100476
157823
157827
419975
206990
116882
223380
223387
133282
133283
133311
133313
84163
84169
190667
403669
370901
305365
395479
370904
84195
223464
395502
305392
395506
395511
223487
387330
370946
370952
92427
395532
395534
395536
190736
190738
370963
370965
190742
223511
190746
190748
289055
157990
190759
379176
190767
158021
190800
411987
190809
190812
190822
395624
190826
190829
190831
412018
412019
436597
125302
190844
371077
141702
190857
190860
141708
371088
100771
395688
100778
321965
125358
321976
436672
125384
109002
223697
322007
412121
125404
84448
412129
141793
248290
141794
322019
141797
109031
125419
223724
166383
125423
141811
141812
322040
84477
272895
272901
117253
272902
109066
444942
109071
109074
117269
248348
444957
117277
117279
84515
272938
305707
166444
117292
272942
166451
166453
174648
166456
109113
109115
412221
436799
272966
92742
412231
404039
272970
117324
412237
117325
117327
412240
109138
125523
92759
379484
117342
141920
191073
109153
141922
404068
141924
379500
248442
273019
248445
248448
305793
100995
248452
248454
141969
141973
133797
240298
305835
199342
133806
117425
133829
133832
142025
133834
133855
363233
363236
133860
142062
396018
142067
133887
248576
248578
133894
84745
248587
133899
84748
248590
133909
133910
396056
396057
84763
396060
92956
330526
150305
92964
404266
133933
150323
330550
330552
330555
330557
133958
297813
428905
133993
297839
428914
134002
297843
101235
134005
347000
150396
396165
134029
101261
150418
101267
101270
150426
150428
101278
428959
150431
265126
150449
420789
428984
101306
289734
109510
150475
289745
265170
101332
289749
265173
289751
289753
265182
109538
388072
150507
125933
68589
429039
388084
388088
207868
125948
388095
109568
265218
207878
429065
429067
265240
429081
388123
388126
429088
109600
429090
109608
388139
388141
437295
437299
207928
117816
109625
207931
207933
126014
207935
207937
207943
109643
109652
314472
93294
240753
240757
109685
117890
126083
101517
437394
240793
76953
85148
240802
240805
85169
404679
240846
412890
404704
175338
437490
331001
331002
175356
437503
331008
331009
175362
331012
380165
85254
380171
175373
175379
142615
412960
142634
142636
175407
412978
421171
175411
380213
412984
175417
142650
412987
175419
134461
412990
175429
380232
134473
413005
380237
421201
142673
142681
224603
150886
421225
150890
413043
150899
191864
142720
134528
413057
142721
142723
150919
421257
150921
290195
85406
150943
150945
396709
388517
396711
134567
85420
142770
191927
290232
396732
396735
85439
126400
396738
396741
110021
126406
191946
396756
396762
290266
110043
110044
110046
151011
110053
323054
142831
290294
126454
224759
224761
126461
290305
224769
126465
126467
110087
118291
118293
77333
388637
151089
126513
224819
224822
224826
224828
151126
118359
151129
118361
118365
118370
454244
118372
151144
110185
118381
405104
151157
429686
151159
151167
151170
413321
118409
151180
151182
85656
405149
151198
167583
405152
405155
118435
405160
405162
413371
413373
413375
405190
151239
151240
429780
151257
429796
446189
446192
446195
151284
413431
413434
323325
134915
388871
249616
388882
134933
446238
134950
315194
388940
134990
134992
249704
77684
413584
380817
249748
249750
274337
397219
389027
143271
274344
200618
274349
274350
110510
143279
274352
274353
421814
110521
397256
405461
405463
274395
405482
348169
299018
348176
348177
110618
405534
405536
405538
299049
94252
380976
348249
282720
282722
282724
381032
159856
159864
381053
381077
110752
381090
381099
381101
381103
397505
397513
397524
102612
397530
413915
102620
397535
143593
143594
397552
397556
176372
413942
397558
315640
413952
397570
102663
438538
397580
102672
438554
413978
413979
438564
413991
413993
413994
381228
381230
127278
151855
176435
315700
315702
315704
176440
176442
315710
438599
151881
151884
446797
397650
446803
209237
446806
356699
151901
151903
356704
151908
86381
94574
151922
348531
151924
119160
143737
110970
110972
110975
340355
94596
389509
389510
389513
389514
348556
151948
348557
348559
348560
348562
348563
340371
151955
414100
340375
151960
86436
151979
111024
111026
340409
340411
143803
438720
94656
438721
348611
143812
111045
438729
143821
143823
143828
111060
143829
143831
135643
266718
266720
299504
414194
299508
201208
438777
266745
217596
266749
414212
201220
406021
414218
152075
217626
217636
406056
406057
160298
266797
78387
201274
201276
201279
217668
201285
201289
201297
201302
389723
103004
103015
242284
103021
242286
242288
217725
217733
103048
103050
201360
217745
406162
217747
201364
217749
201366
217752
201368
201372
86692
201381
242343
103081
242346
242348
103089
103091
201396
217793
201411
201413
201414
86730
217803
242381
103119
291548
217825
398055
324327
398056
324331
398060
324333
217838
406256
324337
389875
324340
291572
291576
389886
406272
430853
283404
283406
242446
94991
283408
430865
242451
430870
242455
430872
430875
430878
160544
127777
119587
127788
430894
430909
430911
160575
430926
160593
324434
398171
291689
160617
160625
308092
160638
160642
160656
242578
201619
160659
258968
218013
201629
242595
439204
242597
439208
439211
439214
111539
431033
431035
431037
398269
373693
259008
218048
111553
218050
86978
259013
218055
218057
398285
86991
86993
218068
152550
431079
373743
373747
373749
373755
439293
439304
455694
373783
373786
152610
103462
87100
357446
152652
144482
144483
144484
152679
455790
439415
455803
406658
103568
128148
128150
103576
406681
119965
414892
324782
136366
324783
382129
136369
414898
324791
136375
128184
324796
324800
185536
120003
283856
95441
283861
423139
120036
414957
414959
414961
283895
423160
283897
185594
414971
283900
185597
390398
210176
423169
390401
283906
390403
95491
95493
185606
283912
120073
185612
120076
283924
120085
414998
415001
423194
390426
415004
185631
423210
415019
390449
382265
79164
357693
185666
152903
185672
185674
152913
185687
234847
128354
365928
120168
365931
128363
128366
120174
398703
365936
120177
398706
365939
398708
120180
128374
128375
120183
128377
87417
398714
120186
398716
128380
120190
357759
398723
316813
423323
234907
423327
316850
382392
153019
95675
103873
153033
103881
153053
341481
234994
153087
153092
341509
153102
136729
95776
235042
407081
407083
341552
448057
448059
308795
308805
407111
407113
407115
407117
415329
415357
87677
87679
415360
95877
79493
415366
87690
169617
136851
169620
136879
104119
104121
415418
390842
79562
390860
161485
161489
136916
136917
120538
267997
136928
390881
136935
202477
202485
202487
136959
161539
136964
153352
161549
96013
161551
161556
128789
390936
128794
415516
87851
202542
202544
202546
87860
202549
202555
202557
374595
374598
87879
374601
415562
399179
399181
423760
423761
374610
292690
268114
268115
374612
268117
374614
268118
112484
120678
120700
399230
399233
268173
120725
120735
120737
407458
120741
120742
120745
219050
112554
219053
128941
128943
219061
407482
104390
120778
104398
112596
128984
128986
128990
219103
219114
407531
407533
104434
112627
129012
112630
88055
366584
112637
276486
104454
104456
243721
391178
243723
391181
243725
456718
309265
391187
243733
423962
309279
423975
170027
79918
309301
309303
383043
391241
440402
383069
383076
137317
407656
440426
415855
440434
399491
399493
448653
399505
448659
399507
448662
358551
399513
358554
399515
399521
440492
137389
440495
399540
399542
399553
104641
399556
153797
104651
358608
415953
415954
415970
415971
145635
415973
415974
145638
415976
415977
415983
145647
391421
399617
145666
366852
366856
293128
399633
399634
293143
145687
145688
399641
145690
137502
366881
137505
137508
440621
366894
137521
260406
440633
80190
186687
416064
399680
366912
145728
186692
293189
416073
145742
137551
137553
170343
145767
170345
145770
170349
145774
96622
399728
113011
121205
170360
137592
170364
145791
457090
186755
121220
137611
457101
96660
96662
121239
145820
104861
137630
416164
137637
170406
170409
121260
170415
113073
416182
121274
367038
145855
145858
96709
121287
367051
96716
113101
113107
96723
121301
342486
342489
457179
342493
113117
408032
408034
113122
408035
121319
145897
121322
260591
113141
457211
129532
408063
121358
121361
113169
129562
129564
260637
342573
285230
113200
105011
129596
391747
318028
318031
121442
391783
391785
391786
285294
334449
432757
88698
129664
432770
432772
432785
285329
383636
432789
129686
432791
260763
260770
400035
285347
400036
285348
260776
301739
432813
88750
277170
277174
334520
277176
400059
400065
432834
400066
408260
400068
400069
88773
408269
285391
285394
96986
97003
285422
195313
97018
391947
285453
441117
441118
441121
97058
441124
441132
97068
97080
432953
146233
97083
146239
146242
146245
97099
146253
105298
342872
236377
236379
383838
236382
146271
236384
342894
342895
342901
342902
383865
252793
146299
113531
162684
113538
162692
400270
113552
146327
113565
342947
252837
146341
383910
146343
113576
252843
138160
97201
146358
113591
113592
113594
383940
367560
138186
138188
252877
80847
89044
121821
146400
121829
89066
138222
138224
138231
236543
146432
236547
138246
384022
203798
318489
318493
318496
121889
121891
384045
146478
384047
113712
146485
408631
146496
130119
408651
146508
146511
121945
121947
138335
146528
146530
416869
425062
121965
212083
212094
425087
416896
425089
416899
236676
138372
236678
236681
97429
97430
425112
425115
277662
146592
277665
277667
212138
212140
97453
212142
212153
146617
146620
416957
277694
212158
416959
416961
310465
212161
310468
212166
105677
81102
277711
277723
81115
212193
310501
212197
277735
212199
212212
212214
212217
97529
89349
89351
89357
425231
425235
212243
310548
425238
105754
89374
89376
425253
212261
433446
105770
212267
400687
400688
89402
89408
195905
400708
400710
400712
302408
351563
105809
171346
105818
351580
351582
105827
302437
154981
302442
351610
195965
195968
195974
433544
195983
171407
195990
351640
195994
171419
171421
196001
114082
122285
392623
114095
409011
409013
122296
392635
392639
392642
155075
196036
122309
196043
409041
155090
409047
196055
155095
409050
196060
409054
196063
114145
122342
433640
196074
409068
212463
155119
155121
122354
433653
417269
122357
196086
122360
122363
212479
212481
196097
114180
409094
409097
212495
122386
417300
417304
122403
409135
409139
138805
417361
130643
417364
106071
130651
130666
81535
89752
114331
196271
196284
106187
196302
261844
81620
106208
147184
229111
106236
106242
229129
147212
335633
401180
147229
401183
147232
229157
335662
147252
302902
393016
229187
401223
261964
393037
261966
409423
261968
229201
229205
147285
384856
302937
335708
302940
425825
409443
302948
262006
302968
114555
147326
262015
155522
229258
155533
155535
155537
155542
409502
114593
204708
204710
155559
114608
114618
155579
98235
98239
147400
114632
98259
98261
147414
155611
98272
114660
442345
)


// ************************************************************************* //
