0 	5.0159415e-11 	3.0267737e-14 	9.8188731e-14 	1.7107981e-13 	0.81632575 	8.8826372e-19 	290.06968 	1638243.6 	-0.093898113 	-0.22780928 	194.97422
0.0016582915 	1.1323248e-05 	5.8672389e-10 	3.1094058e-09 	5.2361997e-09 	0.80682453 	2.9626161e-13 	291.03577 	1629754.7 	0.19158457 	-0.70578355 	192.56412
0.0033165829 	0.00018637808 	2.1015332e-08 	1.3377187e-07 	2.2074379e-07 	0.79516633 	1.1188799e-11 	293.71612 	1628099.9 	1.9220566 	-1.7400437 	186.19427
0.0049748744 	0.00089737663 	1.2660972e-06 	3.6585631e-06 	6.647687e-06 	0.77688918 	3.1807603e-10 	312.33273 	1636842.4 	2.6146339 	-2.5886447 	172.4336
0.0066331658 	0.0017293223 	4.2351117e-05 	9.0553958e-05 	0.00016278008 	0.79030563 	3.8002807e-09 	417.25183 	1638913 	3.8555982 	-1.1426515 	191.25968
0.0082914573 	0.0038903831 	0.0003937928 	0.00079469108 	0.0012929487 	0.82380967 	2.4516559e-09 	584.71722 	1631256.5 	1.8601177 	0.072141443 	214.42371
0.0099497487 	0.0050731775 	0.0012308884 	0.0030467905 	0.0043615036 	0.85244862 	1.7664074e-08 	772.7346 	1632536.2 	3.708471 	-1.1433659 	226.46651
0.01160804 	0.0041467776 	0.0012043258 	0.0035598143 	0.0048520454 	0.89127395 	2.5870629e-07 	923.90809 	1633667.2 	4.9798632 	-1.0013571 	238.59105
0.013266332 	0.0032580096 	0.0015813703 	0.0062178218 	0.007785691 	0.95220572 	2.7615021e-06 	1241.4595 	1633723.4 	4.6457704 	-1.3889643 	255.58166
0.014924623 	0.0014901621 	0.002525805 	0.00959302 	0.012221135 	1.0234773 	6.5905871e-05 	1719.7302 	1633397.7 	3.8837722 	-1.2186269 	272.43693
0.016582915 	2.5903662e-05 	0.0025200482 	0.01382151 	0.0156762 	1.0638447 	0.00079229994 	2103.2792 	1632914.8 	2.203666 	-0.52644719 	276.75137
0.018241206 	0 	0.00035747181 	0.018029877 	0.01660053 	1.0881322 	0.0022995054 	2403.6713 	1633133.2 	-0.38423852 	-0.13528615 	265.49219
0.019899497 	3.184553e-16 	0.00013308257 	0.018825883 	0.017817535 	1.0864411 	0.0037681945 	2548.6967 	1633814 	-4.1460387 	0.49386509 	242.31092
0.021557789 	2.6352197e-15 	0.00019949343 	0.021532769 	0.021787657 	1.0567 	0.0048800639 	2603.9383 	1634828.9 	-6.5200818 	1.4632021 	215.26999
0.02321608 	1.2154315e-16 	0.00025574348 	0.025689587 	0.028759413 	1.001899 	0.0055988774 	2606.1622 	1635856.8 	-8.7524251 	0.61897553 	187.24811
0.024874372 	9.5980427e-17 	0.00027492046 	0.032503053 	0.04146567 	0.90879484 	0.0057437168 	2559.3686 	1635418.2 	-9.0282281 	0.087058763 	163.50533
0.026532663 	1.6810704e-16 	0.00026929272 	0.044691228 	0.062623215 	0.77736969 	0.0052882138 	2476.4601 	1635023.4 	-9.488384 	-0.96546157 	146.89498
0.028190955 	2.7019673e-16 	0.00025460306 	0.057678118 	0.084925445 	0.65497157 	0.0046793223 	2404.0462 	1635023.1 	-8.8813785 	-0.58815889 	137.49756
0.029849246 	3.0969534e-17 	0.0002408741 	0.068500793 	0.10366048 	0.55884377 	0.0041568752 	2350.3785 	1635120.7 	-7.1843419 	0.71017426 	132.67453
0.031507538 	2.984656e-18 	0.00022996867 	0.077323351 	0.11907657 	0.483013 	0.0037323082 	2310.0343 	1635250.8 	-5.6068121 	1.6623156 	130.21174
0.033165829 	5.8237052e-20 	0.00022190215 	0.086849218 	0.13517852 	0.40611866 	0.003306817 	2271.0756 	1635276.7 	-3.272555 	2.1803076 	129.93098
0.034824121 	1.2543148e-19 	0.00021730351 	0.094402218 	0.14783159 	0.34707213 	0.0029864139 	2242.0824 	1635280 	-1.6751722 	2.328476 	129.965
0.036482412 	2.9823692e-20 	0.00021525114 	0.10032553 	0.15785961 	0.30033229 	0.0027340814 	2219.8846 	1635303.9 	-0.47785321 	2.3778191 	131.12554
0.038140704 	0 	0.0002140128 	0.10469028 	0.16600642 	0.26314625 	0.0025352974 	2202.5104 	1635308 	0.086174648 	2.2172812 	131.03709
0.039798995 	0 	0.00021525796 	0.10801597 	0.17215065 	0.23468864 	0.0023886618 	2190.0728 	1635300.5 	0.84804016 	1.9808674 	132.12366
0.041457286 	0 	0.00021642136 	0.11070908 	0.17742557 	0.2108515 	0.0022594624 	2179.1409 	1635268.3 	0.96747863 	1.7350723 	132.21293
0.043115578 	0 	0.00021868012 	0.11273415 	0.18119377 	0.19324678 	0.0021662451 	2171.4861 	1635271.4 	1.1086631 	1.4901768 	133.27879
0.044773869 	0 	0.00022316885 	0.11519688 	0.18567269 	0.17292786 	0.0020597179 	2162.9388 	1635238.3 	0.9107141 	1.2260543 	133.93537
0.046432161 	0 	0.00022382218 	0.11620433 	0.18810901 	0.16180641 	0.0019976107 	2157.6765 	1635219.4 	0.82537842 	1.1065425 	133.93271
0.048090452 	0 	0.00022269454 	0.11656848 	0.18968923 	0.15452628 	0.0019535885 	2153.7132 	1635210.1 	0.79753872 	1.046135 	133.61011
0.049748744 	0 	0.00022636737 	0.11772946 	0.19205086 	0.14376291 	0.0018945305 	2149.1709 	1635188.6 	0.64756368 	0.90247631 	133.96123
0.051407035 	0 	0.00022998135 	0.11882741 	0.19424981 	0.13372511 	0.0018393347 	2144.9366 	1635170.4 	0.48063045 	0.75037937 	134.26973
0.053065327 	0 	0.00023113375 	0.119159 	0.19509174 	0.12964651 	0.0018152462 	2143.0142 	1635149.7 	0.4361064 	0.7038245 	134.49428
0.054723618 	0 	0.00023273173 	0.11955328 	0.19604573 	0.1251675 	0.0017896664 	2141.0107 	1635128.2 	0.37455856 	0.6370375 	134.54002
0.05638191 	0 	0.00023449158 	0.12007465 	0.19731611 	0.11943582 	0.0017577742 	2138.4445 	1635115.2 	0.30817438 	0.57381694 	134.46573
0.058040201 	0 	0.00023591492 	0.120466 	0.19825616 	0.1150748 	0.0017333667 	2136.4657 	1635103.1 	0.26287845 	0.52734583 	134.54517
0.059698492 	0 	0.00023759722 	0.12077224 	0.19895159 	0.11177976 	0.0017158983 	2135.115 	1635081.8 	0.22139521 	0.48370512 	134.66716
0.061356784 	0 	0.00023687809 	0.1207275 	0.19906552 	0.11108341 	0.0017148276 	2134.7192 	1635053.7 	0.14048385 	0.47643452 	134.65501
0.063015075 	0 	0.00023852844 	0.12115753 	0.20004306 	0.10654485 	0.001686539 	2132.3697 	1635038.9 	0.13164289 	0.41883517 	134.83088
0.064673367 	0 	0.00023992311 	0.12139764 	0.20059091 	0.10395763 	0.0016732811 	2131.3065 	1635021 	0.11616922 	0.40537602 	135.00665
0.066331658 	3.4598908e-20 	0.00024122571 	0.12160059 	0.20106667 	0.10170437 	0.0016629154 	2130.4634 	1635000.1 	0.088581881 	0.40010775 	135.12923
0.06798995 	1.4983606e-18 	0.00024228787 	0.12176115 	0.20144017 	0.099836673 	0.0016539774 	2129.6964 	1634977.4 	0.056562641 	0.37474823 	135.2596
0.069648241 	2.9489485e-18 	0.00024338379 	0.12191912 	0.20180501 	0.098024391 	0.001645516 	2128.9819 	1634955.1 	0.03167085 	0.35262759 	135.41485
0.071306533 	4.6137974e-18 	0.00024451646 	0.12205401 	0.20211588 	0.096506004 	0.0016395076 	2128.5007 	1634933.2 	0.013145889 	0.34264882 	135.57777
0.072964824 	5.7050249e-18 	0.00024551774 	0.12216908 	0.20238155 	0.095173917 	0.0016341344 	2128.0699 	1634911.7 	-0.011985409 	0.3310525 	135.71963
0.074623116 	6.3189472e-18 	0.00024635994 	0.12226271 	0.202596 	0.094047773 	0.0016290642 	2127.6719 	1634890.7 	-0.03796499 	0.31427887 	135.86199
0.076281407 	6.7621021e-18 	0.00024730072 	0.12235132 	0.20279866 	0.093007172 	0.0016251525 	2127.3805 	1634869.3 	-0.054681183 	0.30412511 	136.02872
0.077939698 	7.1289007e-18 	0.00024828576 	0.1224349 	0.20299058 	0.092034633 	0.0016221226 	2127.1634 	1634848.1 	-0.06882526 	0.29824532 	136.1986
0.07959799 	6.4934386e-18 	0.00024904455 	0.1224949 	0.20312729 	0.0912871 	0.0016196328 	2126.9922 	1634827.4 	-0.089017101 	0.28970648 	136.33732
0.081256281 	5.6681647e-18 	0.00024976499 	0.12255243 	0.20325693 	0.090564463 	0.0016170125 	2126.8133 	1634806.3 	-0.10730512 	0.28013064 	136.48314
0.082914573 	4.1482653e-18 	0.00025063932 	0.12261146 	0.20339102 	0.089860542 	0.001614696 	2126.7393 	1634785.4 	-0.11714564 	0.2755872 	136.66268
0.084572864 	2.8467101e-18 	0.00025146263 	0.12266685 	0.20351585 	0.0891917 	0.0016126404 	2126.6719 	1634764.6 	-0.12852734 	0.26976571 	136.834
0.086231156 	2.2108114e-18 	0.00025209677 	0.12271004 	0.20360903 	0.088638359 	0.0016112976 	2126.6122 	1634743.7 	-0.14264325 	0.25990698 	136.98802
0.087889447 	1.8292686e-18 	0.00025282405 	0.12275575 	0.20370793 	0.088079822 	0.0016096706 	2126.5939 	1634723.3 	-0.15447515 	0.25241032 	137.15947
0.089547739 	1.8919223e-18 	0.0002536854 	0.12280768 	0.20381756 	0.087505234 	0.0016074951 	2126.6218 	1634703.6 	-0.16082492 	0.24592521 	137.35533
0.09120603 	6.2825126e-19 	0.00025443248 	0.12272943 	0.20379103 	0.087364897 	0.0016121478 	2127.3297 	1634678.8 	-0.24721595 	0.34716869 	137.45727
0.092864322 	7.6023179e-19 	0.00025771903 	0.12302468 	0.20411125 	0.086176976 	0.0016103219 	2127.6958 	1634662.2 	-0.20756497 	0.22497772 	137.93504
0.094522613 	1.2667294e-19 	0.00025681656 	0.12281373 	0.20398065 	0.086191898 	0.001610019 	2127.7959 	1634636.5 	-0.29714792 	0.33033144 	137.96457
0.096180905 	2.7163049e-21 	0.00025710839 	0.12304176 	0.20420317 	0.085409453 	0.0016007288 	2126.8199 	1634634.7 	-0.17396622 	0.20131774 	138.38532
0.097839196 	0 	0.00025887885 	0.12286947 	0.20412555 	0.085194667 	0.001604895 	2128.043 	1634612.6 	-0.31417845 	0.30073031 	138.46384
0.099497487 	0 	0.00026338941 	0.12342658 	0.20456986 	0.084206331 	0.001608308 	2128.6277 	1634608.3 	-0.19702222 	0.10855708 	139.20314
0.10115578 	0 	0.00026103246 	0.12297413 	0.20427686 	0.084331356 	0.0016005562 	2128.2566 	1634583.7 	-0.29684833 	0.26457784 	139.04228
0.10281407 	0 	0.00026092266 	0.12324871 	0.20446126 	0.084066543 	0.0015994151 	2127.5913 	1634580.2 	-0.17146743 	0.16511586 	139.54245
0.10447236 	0 	0.00026412946 	0.12316192 	0.20446594 	0.083520736 	0.0016009479 	2128.8729 	1634557.2 	-0.26503203 	0.21002915 	139.74867
0.10613065 	0 	0.00026743303 	0.12367029 	0.20482416 	0.082986764 	0.0016067893 	2129.3916 	1634549.1 	-0.20073357 	0.077369336 	140.46949
0.10778894 	0 	0.00026486366 	0.12320942 	0.20452549 	0.08310309 	0.001598277 	2128.8345 	1634522.9 	-0.23996732 	0.19194421 	140.32576
0.10944724 	0 	0.00026445326 	0.12343873 	0.20466367 	0.083031321 	0.0015995894 	2128.3683 	1634516.6 	-0.16593201 	0.13135671 	140.7939
0.11110553 	0 	0.00026818466 	0.12349902 	0.20476135 	0.082376328 	0.0016011674 	2129.5318 	1634494.7 	-0.23460853 	0.11835977 	141.12149
0.11276382 	0 	0.00026966573 	0.12385318 	0.20500403 	0.082042857 	0.0016027476 	2129.5444 	1634481.7 	-0.20923096 	0.044100924 	141.70017
0.11442211 	0 	0.00026730244 	0.12345945 	0.20473207 	0.082288081 	0.0015986546 	2129.1456 	1634460.3 	-0.20447556 	0.11551359 	141.66034
0.1160804 	0 	0.00026511755 	0.12375092 	0.204896 	0.082422923 	0.0015966285 	2127.914 	1634456.5 	-0.1135576 	0.058537708 	142.15965
0.11773869 	0 	0.000265612 	0.12375593 	0.20490833 	0.082296695 	0.0015969125 	2128.0644 	1634438.3 	-0.12185833 	0.059082061 	142.36385
0.11939698 	0 	0.00026603055 	0.12377263 	0.20493285 	0.082144369 	0.0015964065 	2128.1286 	1634421 	-0.12256407 	0.059228608 	142.65456
0.12105528 	0 	0.00026641783 	0.12379536 	0.20496388 	0.081981247 	0.0015955501 	2128.1549 	1634404.2 	-0.11890171 	0.059543113 	142.99208
0.12271357 	0 	0.00027263317 	0.12329886 	0.20467045 	0.081395313 	0.0016012952 	2131.0011 	1634365.3 	-0.25977195 	0.092589268 	142.98231
0.12437186 	0 	0.00027092968 	0.12441617 	0.20546299 	0.080768594 	0.0015919939 	2128.4303 	1634377.2 	-0.18451836 	-0.068509489 	143.88457
0.12603015 	0 	0.00027115251 	0.12407842 	0.20523174 	0.080910115 	0.0015951853 	2129.1555 	1634368.5 	-0.16806024 	-0.033105417 	143.87477
0.12768844 	0 	0.00027087107 	0.12384797 	0.20507508 	0.080979713 	0.0015956609 	2129.4144 	1634359.2 	-0.14562506 	-0.010419863 	143.92609
0.12934673 	0 	0.0002659577 	0.1244157 	0.20547968 	0.080534582 	0.001571761 	2125.6067 	1634345.7 	-0.12620133 	-0.074954351 	144.55609
0.13100503 	0 	0.00026206651 	0.12485127 	0.20579094 	0.080182596 	0.0015527635 	2122.6169 	1634332.2 	-0.10722877 	-0.12553316 	145.11206
0.13266332 	0 	0.00026477107 	0.12443214 	0.20549852 	0.080433429 	0.0015654128 	2124.9088 	1634318.6 	-0.091589616 	-0.085460472 	145.18878
0.13432161 	0 	0.00026445319 	0.12426197 	0.20538451 	0.080498627 	0.0015645385 	2124.9553 	1634306.1 	-0.079202194 	-0.07175994 	145.34963
0.1359799 	0 	0.00025488879 	0.12484577 	0.20581088 	0.080004024 	0.0015224469 	2118.1589 	1634297 	-0.076626419 	-0.13781584 	145.76619
0.13763819 	0 	0.00025039585 	0.12507191 	0.20597784 	0.07977965 	0.0015022736 	2115.0549 	1634287.3 	-0.069512249 	-0.16815459 	146.09788
0.13929648 	0 	0.00025583969 	0.12459825 	0.20563723 	0.080083868 	0.0015250394 	2119.1841 	1634276.7 	-0.052650492 	-0.12837529 	146.26376
0.14095477 	7.0373614e-13 	0.00025729386 	0.12434182 	0.20545528 	0.080221109 	0.0015308403 	2120.4712 	1634266.8 	-0.03962205 	-0.11208713 	146.43461
0.14261307 	3.8095351e-12 	0.00024676858 	0.12473066 	0.20574584 	0.07985852 	0.0014856909 	2113.2105 	1634257.4 	-0.039434414 	-0.16653921 	146.62525
0.14427136 	1.0008097e-11 	0.00023833062 	0.12500989 	0.20595271 	0.079580168 	0.0014491138 	2107.4251 	1634251.3 	-0.038074342 	-0.21122059 	146.81116
0.14592965 	3.4242471e-11 	0.00023961722 	0.12476115 	0.20575486 	0.079709262 	0.0014523767 	2108.525 	1634261.5 	-0.033534722 	-0.20253631 	146.95226
0.14758794 	5.8476846e-11 	0.00024090383 	0.12451242 	0.20555701 	0.079838356 	0.0014556396 	2109.6248 	1634271.8 	-0.028995101 	-0.19385202 	147.09337
0.14924623 	8.271122e-11 	0.00024219043 	0.12426369 	0.20535916 	0.07996745 	0.0014589025 	2110.7247 	1634282 	-0.024455481 	-0.18516773 	147.23447
0.15090452 	1.0887589e-10 	0.00024166232 	0.12406478 	0.20519159 	0.080045818 	0.0014543545 	2110.6187 	1634293 	-0.021801843 	-0.16844393 	147.28184
0.15256281 	1.6330293e-10 	0.00023444097 	0.12398119 	0.20509048 	0.079978134 	0.0014188856 	2105.6716 	1634302.5 	-0.0038535995 	-0.16824972 	147.31745
0.15422111 	2.3123845e-10 	0.00022565907 	0.12388688 	0.2049718 	0.079921617 	0.0013760003 	2099.6491 	1634311.6 	0.020593486 	-0.16381978 	147.33128
0.1558794 	2.9762132e-10 	0.00021656519 	0.12379698 	0.20485403 	0.079860227 	0.0013316213 	2093.3467 	1634320.1 	0.041863704 	-0.16062456 	147.31682
0.15753769 	3.4599842e-10 	0.0002068906 	0.12369817 	0.20471396 	0.079803765 	0.0012834589 	2086.068 	1634327 	0.043301675 	-0.15136427 	147.1756
0.15919598 	3.9413008e-10 	0.00019717951 	0.123599 	0.2045736 	0.07974833 	0.0012351454 	2078.7648 	1634333.9 	0.044759109 	-0.14174841 	147.0332
0.16085427 	4.3749227e-10 	0.00018681029 	0.12348883 	0.2044153 	0.079687222 	0.0011826046 	2070.5072 	1634341.6 	0.039494374 	-0.13163826 	146.85081
0.16251256 	4.7147874e-10 	0.0001750106 	0.12335326 	0.20421594 	0.079612215 	0.0011207688 	2060.1605 	1634351.3 	0.019979401 	-0.12003514 	146.57709
0.16417085 	5.0070187e-10 	0.00016293709 	0.12322296 	0.20401876 	0.079539257 	0.0010577546 	2049.3343 	1634359.5 	0.0032063395 	-0.10808828 	146.29653
0.16582915 	4.6869753e-10 	0.00014810838 	0.12317838 	0.20387459 	0.079491923 	0.000984948 	2033.9728 	1634359.8 	0.024751501 	-0.09148438 	145.83305
0.16748744 	4.3669319e-10 	0.00013327968 	0.12313379 	0.20373041 	0.079444588 	0.00091214142 	2018.6113 	1634360.1 	0.046296663 	-0.07488048 	145.36957
0.16914573 	4.0511652e-10 	0.00011922804 	0.12295239 	0.20343134 	0.079307034 	0.00083484062 	2001.4995 	1634357.5 	0.062627116 	-0.081118937 	144.84206
0.17080402 	3.7569126e-10 	0.00010606248 	0.1226222 	0.20296517 	0.079073238 	0.00075285683 	1982.6317 	1634351.7 	0.071544567 	-0.11080249 	144.24945
0.17246231 	3.2500793e-10 	9.2937469e-05 	0.12245635 	0.20263579 	0.078794098 	0.00067765651 	1961.8928 	1634345.6 	0.080302495 	-0.14336659 	143.60441
0.1741206 	2.5116579e-10 	7.9765139e-05 	0.12243535 	0.20242691 	0.078465445 	0.00060745879 	1939.1435 	1634340.4 	0.086369649 	-0.18295204 	142.85176
0.17577889 	9.0274782e-11 	6.6255212e-05 	0.12180575 	0.20159339 	0.078380636 	0.00051922375 	1910.7719 	1634335.2 	0.083389889 	-0.10910869 	141.77168
0.17743719 	3.5032072e-11 	5.7937067e-05 	0.12149006 	0.20110469 	0.078395851 	0.00047232442 	1891.8494 	1634328.6 	0.090047125 	-0.12584588 	141.12513
0.17909548 	5.431112e-12 	4.4782191e-05 	0.12069393 	0.19994718 	0.077966806 	0.00037059542 	1845.2015 	1634353.5 	0.068303012 	-0.12581208 	139.27157
0.18075377 	3.7041538e-11 	4.0572355e-05 	0.12096874 	0.20003908 	0.077494258 	0.0003515187 	1829.1302 	1634319 	0.082876836 	-0.19069776 	138.67222
0.18241206 	8.4778126e-14 	2.9842227e-05 	0.1195306 	0.19809809 	0.077291934 	0.00025117376 	1766.9466 	1634323 	0.06902117 	-0.17453427 	136.19526
0.18407035 	7.4158925e-13 	2.8120364e-05 	0.11946741 	0.1978628 	0.077184947 	0.00024596778 	1755.2168 	1634315.6 	0.082755897 	-0.126502 	135.79358
0.18572864 	2.3137832e-10 	2.1986593e-05 	0.11852561 	0.19636466 	0.076473846 	0.00017771043 	1692.0306 	1634327.9 	0.073288719 	-0.16759649 	133.09298
0.18738693 	3.8328931e-10 	2.0012622e-05 	0.11804621 	0.19550495 	0.076048433 	0.00015757792 	1656.2558 	1634315.3 	0.072711315 	-0.17177736 	131.56861
0.18904523 	8.8235881e-09 	1.7174835e-05 	0.11728361 	0.19436263 	0.075861429 	0.00012810523 	1620.346 	1634306.7 	0.072891361 	-0.12847105 	130.06634
0.19070352 	3.8493712e-08 	1.6773949e-05 	0.11721606 	0.19415123 	0.075741976 	0.00013110733 	1614.4137 	1634285.8 	0.077682334 	-0.08942199 	129.83443
0.19236181 	7.6194774e-08 	1.5527656e-05 	0.11653059 	0.19303407 	0.075320867 	0.00011252438 	1574.5033 	1634277.8 	0.074637794 	-0.075568912 	128.11892
0.1940201 	1.1607087e-07 	1.4257596e-05 	0.11596407 	0.19210076 	0.0749591 	9.5694222e-05 	1543.8763 	1634262.6 	0.071310825 	-0.083813503 	126.83213
0.19567839 	1.5645822e-07 	1.2981591e-05 	0.11542672 	0.19121255 	0.074611942 	7.929368e-05 	1515.528 	1634245.6 	0.067891138 	-0.097469747 	125.65092
0.19733668 	5.3553539e-07 	1.3003163e-05 	0.11235571 	0.18636868 	0.072819429 	3.5567202e-05 	1355.3472 	1634281.6 	0.036664119 	-0.11911513 	118.06845
0.19899497 	6.8270792e-07 	1.2845134e-05 	0.11337423 	0.18775577 	0.072999097 	5.0451723e-05 	1399.6326 	1634231.8 	0.046352379 	-0.10580614 	120.13768
0.20065327 	1.3332579e-06 	1.3664658e-05 	0.11094662 	0.18399944 	0.071920114 	2.7335418e-05 	1290.3654 	1634236.3 	0.034150213 	-0.073641611 	114.93929
0.20231156 	1.4421816e-06 	1.2862928e-05 	0.11217463 	0.18584321 	0.072522171 	3.9136071e-05 	1351.5826 	1634175.8 	0.049212521 	-0.0047465082 	117.88987
0.20396985 	2.1081621e-06 	1.3558211e-05 	0.11134823 	0.18448392 	0.072009222 	3.4518022e-05 	1314.0231 	1634145.6 	0.044985127 	0.0058313132 	116.14498
0.20562814 	2.7784745e-06 	1.4109538e-05 	0.11061969 	0.18327991 	0.071546709 	2.9411527e-05 	1281.1564 	1634115.4 	0.041335927 	0.026574198 	114.55975
0.20728643 	3.4471022e-06 	1.4544112e-05 	0.10996879 	0.18219937 	0.071124988 	2.3937657e-05 	1252.063 	1634085.6 	0.037504616 	0.054806276 	113.10914
0.20894472 	4.5451338e-06 	1.5381443e-05 	0.10928161 	0.18106017 	0.070688829 	2.0980088e-05 	1222.3252 	1634060.9 	0.033646122 	0.05602744 	111.61723
0.21060302 	5.7701759e-06 	1.6341418e-05 	0.10858303 	0.17990264 	0.070247845 	1.8770471e-05 	1192.1721 	1634037.9 	0.030429742 	0.048231735 	110.09808
0.21226131 	6.9877261e-06 	1.707867e-05 	0.107994 	0.17892171 	0.069867238 	1.5718841e-05 	1167.0924 	1634040.5 	0.028664828 	0.041397129 	108.71281
0.2139196 	8.3876552e-06 	1.7871599e-05 	0.10739155 	0.17791901 	0.069481339 	1.2930824e-05 	1142.3505 	1634046 	0.026631189 	0.035527036 	107.3485
0.21557789 	1.0964275e-05 	1.916035e-05 	0.10662911 	0.17665527 	0.069009644 	1.1739899e-05 	1114.2103 	1634060 	0.02643063 	0.040067145 	105.81341
0.21723618 	1.3358418e-05 	2.0324186e-05 	0.10592859 	0.17549215 	0.068573416 	1.0321494e-05 	1088.5283 	1634064.2 	0.026042571 	0.031139544 	104.40706
0.21889447 	1.5383172e-05 	2.1234244e-05 	0.10535392 	0.17453359 	0.068209194 	8.4362506e-06 	1067.8349 	1634048.6 	0.025358996 	-0.005317943 	103.26123
0.22055276 	2.8840156e-05 	2.806981e-05 	0.10146447 	0.16822617 	0.06595006 	3.8439448e-06 	941.22915 	1634088.1 	0.022283195 	0.056816512 	96.338581
0.22221106 	2.9692637e-05 	2.753327e-05 	0.10193679 	0.16888339 	0.066010353 	4.0884439e-06 	954.09783 	1634029.6 	0.01829265 	0.056418503 	96.992745
0.22386935 	4.9471833e-05 	3.4695612e-05 	0.098088083 	0.16265393 	0.063920002 	1.6300117e-06 	841.80405 	1633991.8 	-0.00038296671 	0.03966136 	90.771581
0.22552764 	3.9499086e-05 	2.9356845e-05 	0.1010499 	0.16742159 	0.065621057 	3.2295349e-06 	929.25338 	1633905.4 	0.015630593 	0.10220862 	95.524671
0.22718593 	4.5082721e-05 	3.0172157e-05 	0.10071456 	0.16684687 	0.065426923 	3.2672148e-06 	922.20364 	1633845.8 	0.0158151 	0.095848441 	95.148298
0.22884422 	5.3340785e-05 	3.2096952e-05 	0.099776835 	0.16529876 	0.064892601 	2.9148694e-06 	897.18219 	1633792.7 	0.013012619 	0.084908121 	93.779698
0.23050251 	6.0944475e-05 	3.37657e-05 	0.098984557 	0.16398391 	0.064428791 	2.138881e-06 	872.7696 	1633753.8 	0.0079019081 	0.11618968 	92.322043
0.2321608 	6.9818438e-05 	3.5527245e-05 	0.098167154 	0.16262818 	0.063960769 	1.5558587e-06 	849.48 	1633715.4 	0.0030709926 	0.13209574 	90.944124
0.2338191 	8.1817947e-05 	3.7545927e-05 	0.097269541 	0.16114226 	0.063471162 	1.4296395e-06 	827.96813 	1633679.2 	0.0014919819 	0.10821907 	89.705759
0.23547739 	9.4464932e-05 	3.9597765e-05 	0.096350954 	0.15961997 	0.06296597 	1.1525467e-06 	804.15188 	1633646.9 	-0.00075641741 	0.1011212 	88.290617
0.23713568 	0.00010752887 	4.163567e-05 	0.095427599 	0.15808842 	0.062454946 	7.1069202e-07 	778.54458 	1633616.1 	-0.0055934406 	0.11253645 	86.732156
0.23879397 	0.00012791473 	4.4216868e-05 	0.094362449 	0.1563234 	0.061912118 	5.4183893e-07 	755.55019 	1633574.1 	-0.0087981806 	0.12241473 	85.388796
0.24045226 	0.00015185942 	4.7086598e-05 	0.093214115 	0.1544219 	0.061345104 	4.975657e-07 	733.13853 	1633526.4 	-0.0094932761 	0.13098204 	84.111785
0.24211055 	0.00017656405 	4.9740277e-05 	0.092103176 	0.15257831 	0.060792962 	3.2331174e-07 	707.40527 	1633447.7 	-0.010754702 	0.14770383 	82.608407
0.24376884 	0.00020632554 	5.2974869e-05 	0.090756178 	0.15034694 	0.060127625 	1.333727e-07 	677.09868 	1633360.9 	-0.015041592 	0.17728847 	80.828272
0.24542714 	0.00033864011 	6.9448587e-05 	0.08420417 	0.13956828 	0.056923482 	1.3649442e-08 	555.59007 	1633244.2 	-0.036645345 	0.41037353 	73.597927
0.24708543 	0.00034362186 	6.5403249e-05 	0.08633471 	0.14298893 	0.058144189 	6.1162694e-08 	600.86373 	1633095.9 	-0.026657111 	0.28569635 	76.428359
0.24874372 	0.00048714368 	7.7472101e-05 	0.081797192 	0.13554304 	0.056369773 	4.9876386e-09 	522.10833 	1632911.7 	-0.046533369 	0.37750067 	71.799713
0.25040201 	0.00054625261 	7.4959567e-05 	0.08352795 	0.13834285 	0.057791921 	1.2864039e-08 	558.87305 	1632791.1 	-0.015674721 	0.25519394 	74.233467
0.2520603 	0.00070818074 	8.2759692e-05 	0.08139801 	0.13480607 	0.057547587 	1.1654505e-08 	534.90308 	1632597.8 	-0.018882449 	0.25253849 	73.000084
0.25371859 	0.00096078602 	9.2109793e-05 	0.078957933 	0.13074134 	0.05768331 	7.4999315e-09 	505.00322 	1632339 	-0.017380545 	0.26779841 	71.435019
0.25537688 	0.0012752245 	0.00010246553 	0.076325296 	0.12634773 	0.058089667 	1.3443964e-09 	471.32114 	1632035.8 	-0.010881645 	0.29496855 	69.660858
0.25703518 	0.00167555 	0.00011378436 	0.07390954 	0.12231947 	0.059296213 	1.7711537e-10 	450.19865 	1631710.7 	-0.0025435116 	0.28979183 	68.705144
0.25869347 	0.0020957288 	0.00012533226 	0.071545133 	0.11837778 	0.060689266 	1.6096438e-10 	431.92498 	1631379.9 	0.0046303634 	0.27611842 	67.937355
0.26035176 	0.0028665005 	0.00013996651 	0.068660804 	0.11356203 	0.064019904 	7.8308565e-11 	408.53521 	1630970.6 	0.0099515187 	0.27617204 	66.891514
0.26201005 	0.0037198211 	0.00015507835 	0.065759765 	0.10871636 	0.067905439 	4.6122868e-15 	386.46911 	1630559.9 	0.014885951 	0.28233743 	65.909314
0.26366834 	0.0046069452 	0.00016991325 	0.063275832 	0.10456885 	0.072526672 	6.0647589e-14 	374.04006 	1630165.9 	0.021528451 	0.26619137 	65.555439
0.26532663 	0.005880702 	0.00018786169 	0.060073506 	0.099219136 	0.079288628 	8.8481714e-13 	358.85039 	1629720.7 	-0.009829207 	0.2513419 	65.060076
0.26698492 	0.0077276347 	0.00021071103 	0.055759152 	0.092007389 	0.089193988 	2.8251785e-12 	338.8866 	1629094.1 	-0.023952983 	0.23688992 	64.292556
0.26864322 	0.010064169 	0.00023031837 	0.052285238 	0.086198511 	0.10300774 	7.7422833e-12 	328.32297 	1628423.3 	0.0019842786 	0.20240063 	64.199891
0.27030151 	0.012946165 	0.00024741558 	0.049115698 	0.080887294 	0.12066241 	1.6352842e-11 	322.83539 	1627838.4 	0.015547201 	0.16392677 	64.383277
0.2719598 	0.01581143 	0.00026495969 	0.045883361 	0.075473238 	0.13820653 	2.4698695e-11 	317.07773 	1627249.2 	0.029026126 	0.13265354 	64.555084
0.27361809 	0.019444014 	0.00027976838 	0.042427465 	0.069708885 	0.16083614 	3.4483286e-11 	312.38347 	1626656.6 	0.030458926 	0.091049372 	64.773877
0.27527638 	0.02381019 	0.00029073969 	0.03891026 	0.063864885 	0.18806168 	4.5589032e-11 	309.09708 	1626066.8 	0.0073154417 	0.028400333 	65.051682
0.27693467 	0.028120776 	0.00030171271 	0.035496948 	0.058193541 	0.21491805 	5.6262826e-11 	305.99656 	1625483.3 	-0.017043029 	-0.036322794 	65.351939
0.27859296 	0.033528628 	0.00031057252 	0.031619403 	0.051718136 	0.24839246 	6.9158552e-11 	303.33765 	1624744.9 	0.016487067 	-0.02507658 	65.752925
0.28025126 	0.040986163 	0.00031411862 	0.027064143 	0.044138053 	0.29490101 	8.6947816e-11 	301.29916 	1624049.9 	-0.029682406 	-0.039588256 	66.269929
0.28190955 	0.046570434 	0.00031060794 	0.024038629 	0.039142207 	0.33030288 	7.4855473e-11 	300.83136 	1623064.4 	-0.0012695924 	-0.060784866 	66.702052
0.28356784 	0.053236845 	0.00030234872 	0.020783301 	0.033769383 	0.3727363 	6.6844646e-11 	300.28143 	1622095 	-0.031937991 	-0.096854287 	67.198998
0.28522613 	0.06348942 	0.00028256917 	0.016003855 	0.025898866 	0.43599137 	4.8486236e-11 	299.63358 	1620815.7 	-0.031328765 	-0.13814546 	67.868285
0.28688442 	0.071530468 	0.00025878071 	0.012745485 	0.020551259 	0.48493871 	3.3936068e-11 	299.32369 	1619099.9 	-0.13625956 	-0.17468573 	68.716847
0.28854271 	0.081508071 	0.00022352335 	0.009391779 	0.01507834 	0.54130078 	1.2980081e-11 	299.07886 	1616397.5 	-0.31359112 	-0.35503788 	70.516527
0.29020101 	0.090901429 	0.00017852417 	0.0063301868 	0.010114387 	0.59247011 	2.5344854e-12 	298.70253 	1612153.9 	0.033937244 	-0.56599262 	73.697623
0.2918593 	0.099056896 	0.00013653075 	0.0041748389 	0.0066367214 	0.62935568 	1.7681719e-13 	298.23312 	1604278.7 	-0.28812692 	-0.60670794 	79.019662
0.29351759 	0.10482576 	9.3461978e-05 	0.0025197907 	0.0039955736 	0.65535862 	1.6054031e-15 	297.46884 	1592153.2 	-0.796965 	-0.35228188 	86.669232
0.29517588 	0.10945211 	5.2539449e-05 	0.001261238 	0.0019950833 	0.67454107 	8.6304985e-16 	296.36892 	1575783.2 	-0.043301212 	-0.40644819 	97.888775
0.29683417 	0.11118625 	2.812841e-05 	0.00061697602 	0.00097618789 	0.68448358 	1.1469517e-16 	295.0717 	1555113.4 	-1.4079787 	-0.70141389 	110.14445
0.29849246 	0.11185201 	1.2792758e-05 	0.00026214805 	0.00041496343 	0.6906964 	1.7059485e-17 	292.97193 	1516519.2 	-0.14566591 	-0.066986017 	128.3134
0.30015075 	0.11170631 	5.4571603e-06 	0.00010725123 	0.00017000508 	0.69533558 	3.4947557e-18 	288.98173 	1451265.1 	0.34220283 	-0.41216694 	156.91828
0.30180905 	0.11116062 	2.1538508e-06 	4.1435285e-05 	6.5892358e-05 	0.69907258 	1.0049124e-18 	282.36737 	1342297.4 	0.73754601 	-0.0039892494 	196.27595
0.30346734 	0.11097215 	9.5229976e-07 	1.8940571e-05 	3.0228516e-05 	0.70225271 	5.5185098e-19 	269.82537 	1142081.3 	-2.2574187 	-0.022712292 	254.7619
0.30512563 	0.11130143 	6.1492018e-07 	1.3589084e-05 	2.1658205e-05 	0.70528739 	1.2794796e-17 	252.04452 	857340.49 	0.48055232 	-0.51226424 	329.24187
0.30678392 	0.11240028 	4.7255485e-07 	1.1277865e-05 	1.7988954e-05 	0.70864231 	2.0494449e-17 	250 	620618.56 	-0.052021025 	-1.200452 	394.39328
0.30844221 	0.11353882 	4.0473365e-07 	1.010073e-05 	1.6143413e-05 	0.71119375 	3.0272399e-17 	250 	465562.55 	5.7777169 	1.4078146 	440.26439
