0 	0.026073372 	0.011109341 	0.13817109 	0.22369577 	0.044155206 	5.7873091e-05 	1446.039 	1607011.7 	0 	0 	0
0.0016582915 	0.16381939 	0.017999382 	0.10568616 	0.18062943 	0.047528684 	2.0431938e-05 	1168.3196 	1603415.5 	4.9167447 	-3.8642201 	2.7332171
0.0033165829 	0.36949511 	0.018547251 	0.05632648 	0.10679008 	0.079556773 	1.2585303e-05 	1275.6375 	1591766.6 	0.73019932 	-2.5070788 	-85.518332
0.0049748744 	0.39274953 	0.018069507 	0.051132089 	0.09780113 	0.090792174 	1.3274216e-05 	1281.6002 	1602579.7 	7.1338394 	4.0258485 	-95.147734
0.0066331658 	0.39909806 	0.023778916 	0.048647154 	0.098299263 	0.10049324 	1.5230258e-05 	1347.1093 	1632077.5 	5.3647295 	7.7037088 	-33.016771
0.0082914573 	0.35382798 	0.031127572 	0.057224355 	0.11775044 	0.081631952 	1.2733202e-05 	1392.3251 	1638206.2 	-1.6973258 	2.6901676 	20.491697
0.0099497487 	0.2897629 	0.03261444 	0.072680974 	0.14221725 	0.060319794 	7.9230928e-06 	1400.2869 	1638158.5 	-6.6704811 	0.56914809 	29.484397
0.01160804 	0.20187199 	0.033814607 	0.094971195 	0.17500132 	0.035967026 	2.7894843e-06 	1461.2254 	1637802.2 	-10.748305 	0.020345347 	28.541254
0.013266332 	0.093689854 	0.035611933 	0.1217576 	0.21023861 	0.009237911 	1.2228533e-07 	1489.9704 	1636305.1 	-14.678891 	-0.51636328 	19.803241
0.014924623 	0.061295439 	0.0366071 	0.129303 	0.21853748 	0.0032184911 	1.3632848e-08 	1537.1327 	1635249.3 	-18.011665 	-0.47130173 	17.102572
0.016582915 	0.045201558 	0.036139491 	0.13352689 	0.22233691 	0.0023730928 	1.1033067e-06 	1574.0923 	1634242.4 	-22.741194 	-0.61594035 	18.465775
0.018241206 	0.031080297 	0.035614197 	0.13766038 	0.22607212 	0.0016757778 	5.0767127e-06 	1664.4953 	1633665.2 	-26.916356 	-0.42266838 	20.37848
0.019899497 	0.021963297 	0.037006717 	0.14003641 	0.22865112 	0.0013673967 	1.3239523e-05 	1724.8255 	1634080.6 	-26.517547 	0.35303296 	27.82795
0.021557789 	0.01628808 	0.038553306 	0.14140512 	0.23003023 	0.0010047273 	1.5800571e-05 	1750.9534 	1634963.4 	-23.327481 	0.6256644 	38.06554
0.02321608 	0.012198754 	0.038241357 	0.14364771 	0.23112401 	0.0010415194 	1.8412245e-05 	1761.7096 	1635948.9 	-17.052806 	0.83355217 	50.465136
0.024874372 	0.0080351991 	0.03437908 	0.14776559 	0.23205583 	0.0014839985 	2.446622e-05 	1762.3446 	1636584 	-11.778477 	0.91393109 	64.656476
0.026532663 	0.0041139728 	0.02711265 	0.15407793 	0.23244872 	0.002432442 	4.1856558e-05 	1747.1472 	1636997.5 	-8.1040735 	0.7976649 	78.221972
0.028190955 	0.0018400201 	0.019389345 	0.16080797 	0.23230746 	0.0038361154 	8.5369748e-05 	1729.5715 	1636796.4 	-6.067445 	0.50018512 	88.097109
0.029849246 	0.00071777926 	0.011843488 	0.16651292 	0.23112975 	0.0072276432 	0.0002553554 	1673.7441 	1636486 	-4.2188452 	0.3391425 	91.083448
0.031507538 	0.00025503089 	0.0066716129 	0.16891546 	0.22911772 	0.012820643 	0.00033839585 	1594.8212 	1636228.7 	-3.0756829 	0.23943537 	91.535359
0.033165829 	9.1558886e-05 	0.0038469678 	0.16854572 	0.22699798 	0.018960892 	0.00028324384 	1524.849 	1635953.1 	-2.4163145 	0.16619535 	90.686885
0.034824121 	4.2034078e-05 	0.0021958924 	0.16699267 	0.22467376 	0.026586872 	0.0002962059 	1280.6075 	1635719 	-1.5864428 	0.14793627 	74.284094
0.036482412 	3.0141704e-05 	0.0014645948 	0.16437611 	0.22269585 	0.03259787 	0.00021226234 	1185.0579 	1635596.4 	-1.2784788 	0.10409382 	69.180194
0.038140704 	3.1017765e-05 	0.0010261844 	0.16275008 	0.22149755 	0.036962283 	0.00022071691 	1142.6938 	1635504.3 	-1.2797086 	0.10684122 	65.745582
0.039798995 	4.4624436e-05 	0.00097422177 	0.16025421 	0.22059427 	0.040056483 	0.00017592423 	1123.5286 	1635432.2 	-0.83339976 	0.097094855 	65.327982
0.041457286 	4.7510472e-05 	0.00087067348 	0.15908229 	0.21993067 	0.04233824 	0.00015294994 	1131.0797 	1635402.9 	-0.96804981 	0.072046229 	66.748479
0.043115578 	2.6845414e-05 	0.00061638046 	0.15655415 	0.21862745 	0.04684995 	0.00014469615 	1111.6989 	1635329.6 	-0.73805779 	0.077812432 	65.563193
0.044773869 	2.2362849e-05 	0.00049810589 	0.1550586 	0.21786641 	0.049597417 	0.00018019711 	909.72075 	1635316.2 	-0.25522714 	0.067851851 	47.927361
0.046432161 	1.3089512e-05 	0.00036492133 	0.15412487 	0.21757205 	0.050237025 	6.2516089e-05 	1128.769 	1635293.4 	-1.0833654 	0.019990795 	69.039097
0.048090452 	1.0818521e-05 	0.00031515087 	0.15270902 	0.21687988 	0.052725358 	9.3255872e-05 	1029.0143 	1635259.4 	-0.89488002 	0.025898187 	59.745881
0.049748744 	1.2446888e-05 	0.00029826257 	0.1511313 	0.21611225 	0.05550827 	0.00014678646 	836.60668 	1635224.2 	-0.48832418 	0.032029417 	42.129436
0.051407035 	1.1851465e-05 	0.00027441947 	0.15000022 	0.21573254 	0.05679839 	0.0001381454 	766.99324 	1635197.8 	-0.35195021 	0.019594477 	36.276217
0.053065327 	9.985537e-06 	0.00024121589 	0.14896615 	0.21537466 	0.058055576 	0.00012996437 	748.72353 	1635172.4 	-0.31656293 	0.013851047 	34.759683
0.054723618 	7.56863e-06 	0.00020308165 	0.14794876 	0.21499423 	0.05943009 	0.00012777397 	749.91937 	1635147 	-0.31656293 	0.013851047 	34.759684
0.05638191 	5.151723e-06 	0.0001649474 	0.14693137 	0.21461379 	0.060804603 	0.00012558357 	751.11522 	1635121.5 	-0.31656293 	0.013851047 	34.759684
0.058040201 	4.4784937e-06 	0.00014938308 	0.1462139 	0.21442132 	0.061498897 	0.0001130083 	727.87205 	1635098.7 	-0.25879756 	0.0048740048 	32.935495
0.059698492 	3.6434622e-06 	0.000133086 	0.14553163 	0.21421683 	0.062277335 	0.00010826353 	723.77249 	1635076.3 	-0.24634645 	0.0029405407 	32.542538
0.061356784 	2.7126537e-06 	0.00011586622 	0.14484759 	0.21400329 	0.063097934 	0.0001056845 	724.9303 	1635053.9 	-0.24634645 	0.0029405407 	32.542538
0.063015075 	2.0074883e-06 	0.00010170933 	0.14421477 	0.21382121 	0.063802617 	0.00010034662 	721.17797 	1635031.6 	-0.23213164 	0.0010885767 	32.200415
0.064673367 	1.7960577e-06 	9.4413009e-05 	0.14369819 	0.21370455 	0.06427353 	9.0796399e-05 	709.6166 	1635009.6 	-0.19531817 	-0.0037080158 	31.315028
0.066331658 	1.4453183e-06 	8.5748355e-05 	0.14316377 	0.21355717 	0.064881701 	8.8979926e-05 	710.73426 	1634987.6 	-0.19531817 	-0.0037080158 	31.315028
0.06798995 	1.094579e-06 	7.7083701e-05 	0.14262934 	0.21340978 	0.065489872 	8.7163452e-05 	711.85192 	1634965.6 	-0.19531817 	-0.0037080158 	31.315028
0.069648241 	8.7909364e-07 	7.1004956e-05 	0.14217353 	0.21328587 	0.066012911 	8.6019072e-05 	712.95458 	1634944.1 	-0.19531593 	-0.0037081141 	31.314996
0.071306533 	7.2778822e-07 	6.6153272e-05 	0.14175501 	0.21317309 	0.066495554 	8.5193682e-05 	714.05078 	1634922.9 	-0.19531593 	-0.0037081141 	31.314996
0.072964824 	5.860186e-07 	6.139949e-05 	0.14133813 	0.21306421 	0.066961426 	8.3291696e-05 	713.62952 	1634901.7 	-0.19066171 	-0.0041334841 	31.208561
0.074623116 	5.1404008e-07 	5.7430012e-05 	0.14093737 	0.21298371 	0.067305492 	7.3902366e-05 	702.62962 	1634880.6 	-0.15351904 	-0.0074506582 	30.35895
0.076281407 	4.7848466e-07 	5.4896732e-05 	0.14060807 	0.21291572 	0.067600139 	6.6547446e-05 	694.10164 	1634859.3 	-0.12328873 	-0.0089217311 	29.664123
0.077939698 	4.0623818e-07 	5.1899082e-05 	0.14027905 	0.21282294 	0.067994831 	6.6303504e-05 	695.17081 	1634838 	-0.12326757 	-0.0089227608 	29.663637
0.07959799 	3.33966e-07 	4.8901106e-05 	0.13995003 	0.21273014 	0.068389594 	6.6064544e-05 	696.2467 	1634816.6 	-0.12326757 	-0.0089227608 	29.663637
0.081256281 	2.7711505e-07 	4.6339085e-05 	0.13965151 	0.21264283 	0.068754725 	6.600262e-05 	697.31371 	1634795.4 	-0.12326757 	-0.0089227605 	29.663637
0.082914573 	2.3974945e-07 	4.432791e-05 	0.13939151 	0.21256246 	0.069082417 	6.6164391e-05 	698.3695 	1634774.4 	-0.12326757 	-0.0089227605 	29.663637
0.084572864 	2.0238386e-07 	4.2316736e-05 	0.13913151 	0.21248209 	0.069410109 	6.6326161e-05 	699.42529 	1634753.4 	-0.12326757 	-0.0089227605 	29.663637
0.086231156 	1.8179076e-07 	4.0600674e-05 	0.13886177 	0.21241987 	0.069672032 	6.140173e-05 	693.59982 	1634732.4 	-0.10130595 	-0.0090153884 	29.139366
0.087889447 	1.6991881e-07 	3.9300848e-05 	0.13862121 	0.21236413 	0.069900674 	5.6753053e-05 	688.05725 	1634712.8 	-0.079791026 	-0.0086209961 	28.614127
0.089547739 	1.5120663e-07 	3.7893229e-05 	0.13839897 	0.21229509 	0.070169522 	5.5964002e-05 	687.59864 	1634693.4 	-0.074862829 	-0.0085022438 	28.493135
0.09120603 	1.2993716e-07 	3.6427043e-05 	0.1381804 	0.21222166 	0.070452491 	5.6310498e-05 	688.63956 	1634674 	-0.074862829 	-0.0085022438 	28.493135
0.092864322 	1.1020714e-07 	3.5022842e-05 	0.1379636 	0.21214894 	0.070730794 	5.6625246e-05 	689.67834 	1634655.7 	-0.074862828 	-0.0085022437 	28.493135
0.094522613 	9.6431812e-08 	3.3858401e-05 	0.13775368 	0.21207898 	0.070991047 	5.6817193e-05 	690.70883 	1634641.6 	-0.074862828 	-0.0085022437 	28.493135
0.096180905 	8.2656481e-08 	3.2693961e-05 	0.13754377 	0.21200902 	0.0712513 	5.7009141e-05 	691.73933 	1634627.6 	-0.074862828 	-0.0085022437 	28.493135
0.097839196 	7.3406674e-08 	3.1623172e-05 	0.13732562 	0.21195163 	0.071474895 	5.4200064e-05 	688.80281 	1634613.5 	-0.063330127 	-0.0065847749 	28.152677
0.099497487 	6.7656526e-08 	3.0669811e-05 	0.13710755 	0.21189997 	0.07167581 	5.0331285e-05 	692.14066 	1634600.3 	-0.048424554 	-0.0030532818 	28.445843
0.10115578 	6.0880297e-08 	2.9742505e-05 	0.13689688 	0.21184106 	0.071893525 	4.8478002e-05 	697.59807 	1634587.8 	-0.041493817 	-0.00093493577 	28.913717
0.10281407 	5.2054168e-08 	2.8791052e-05 	0.13669113 	0.21177458 	0.072133106 	4.8507877e-05 	698.61135 	1634575.2 	-0.041493817 	-0.00093493577 	28.913717
0.10447236 	4.3228039e-08 	2.7839599e-05 	0.13648539 	0.2117081 	0.072372686 	4.8537753e-05 	699.62464 	1634562.7 	-0.041493817 	-0.00093493577 	28.913717
0.10613065 	3.7619034e-08 	2.7031134e-05 	0.13628482 	0.21164439 	0.072592992 	4.8496044e-05 	700.61684 	1634548.9 	-0.041493817 	-0.00093493589 	28.913717
0.10778894 	3.2112748e-08 	2.6227234e-05 	0.13608442 	0.21158076 	0.072812683 	4.8452049e-05 	701.60837 	1634535 	-0.041493817 	-0.00093493589 	28.913717
0.10944724 	2.7783171e-08 	2.5419199e-05 	0.13588065 	0.21152353 	0.073014853 	4.6942421e-05 	708.30489 	1634521.2 	-0.035876984 	-0.00080160113 	29.501975
0.11110553 	2.5123021e-08 	2.4640282e-05 	0.13567549 	0.21147294 	0.073194723 	4.4159479e-05 	721.59134 	1634506 	-0.024553362 	-0.00053061926 	30.765913
0.11276382 	2.3105056e-08 	2.3924335e-05 	0.1354748 	0.21142124 	0.073370023 	4.2081038e-05 	734.96468 	1634488.5 	-0.01449892 	-0.00028598764 	32.032294
0.11442211 	1.9730851e-08 	2.3225166e-05 	0.13527868 	0.21135962 	0.073571729 	4.2007925e-05 	735.9265 	1634471.1 	-0.01449892 	-0.00028598764 	32.032294
0.1160804 	1.6356647e-08 	2.2525998e-05 	0.13508256 	0.211298 	0.073773434 	4.1934812e-05 	736.88832 	1634453.6 	-0.01449892 	-0.00028598764 	32.032294
0.11773869 	1.3940069e-08 	2.188379e-05 	0.1348868 	0.2112364 	0.073965139 	4.1939949e-05 	737.8352 	1634438.8 	-0.01449892 	-0.00028598767 	32.032294
0.11939698 	1.1872856e-08 	2.1262363e-05 	0.13469117 	0.2111748 	0.074153196 	4.1973634e-05 	738.77662 	1634425 	-0.01449892 	-0.00028598767 	32.032294
0.12105528 	1.0257979e-08 	2.0641006e-05 	0.13449451 	0.21111811 	0.074329171 	4.1264251e-05 	735.85026 	1634411.1 	-0.010632757 	-0.0026390594 	31.655704
0.12271357 	9.3077623e-09 	2.0024866e-05 	0.13429626 	0.21106834 	0.074487223 	3.9537172e-05 	728.38702 	1634397.6 	-0.0017571102 	-0.0074796481 	30.840116
0.12437186 	8.7687385e-09 	1.9448311e-05 	0.13409653 	0.21102093 	0.074632984 	3.7708062e-05 	726.27236 	1634386.9 	0.0054411894 	-0.0069581618 	30.566505
0.12603015 	7.7634863e-09 	1.8890652e-05 	0.13389498 	0.2109659 	0.074798651 	3.6970207e-05 	726.71566 	1634376.2 	0.0065938529 	-0.0068746563 	30.522691
0.12768844 	6.6693429e-09 	1.8336596e-05 	0.13369309 	0.2109094 	0.074968114 	3.6440411e-05 	727.64666 	1634365.4 	0.0065938529 	-0.0068746563 	30.522691
0.12934673 	5.8281648e-09 	1.7820169e-05 	0.13349404 	0.21085456 	0.075127397 	3.5867819e-05 	728.56912 	1634353.6 	0.0065938524 	-0.0068746561 	30.522691
0.13100503 	5.2436907e-09 	1.7341928e-05 	0.13329788 	0.21080138 	0.075276351 	3.5251797e-05 	729.48291 	1634340.8 	0.0065938524 	-0.0068746561 	30.522691
0.13266332 	4.6984468e-09 	1.6860555e-05 	0.13310206 	0.21074899 	0.075422936 	3.4522646e-05 	734.91264 	1634328 	0.0075593087 	-0.0066316977 	30.976357
0.13432161 	4.3707233e-09 	1.6361817e-05 	0.13290813 	0.21070089 	0.075556386 	3.3166225e-05 	765.38208 	1634315.1 	0.013877962 	-0.0050415998 	33.945477
0.1359799 	4.1220843e-09 	1.5931571e-05 	0.13272138 	0.21065107 	0.075679836 	3.195057e-05 	790.60201 	1634303.5 	0.016602072 	-0.005852145 	36.401894
0.13763819 	3.8568336e-09 	1.5512222e-05 	0.13253524 	0.21060023 	0.075803766 	3.0863816e-05 	811.12153 	1634292.2 	0.018452846 	-0.006803297 	38.385681
0.13929648 	3.4552813e-09 	1.5099757e-05 	0.13234713 	0.2105455 	0.075936923 	3.0317464e-05 	812.01501 	1634280.9 	0.018452846 	-0.006803297 	38.385681
0.14095477 	3.0755503e-09 	1.4700452e-05 	0.13215725 	0.21048807 	0.076067819 	2.9761972e-05 	812.90326 	1634271.1 	0.018452846 	-0.006803297 	38.385681
0.14261307 	2.7579361e-09 	1.4338611e-05 	0.13196237 	0.21042296 	0.076192281 	2.9180462e-05 	813.77664 	1634265.8 	0.018452846 	-0.006803297 	38.385681
0.14427136 	2.4652012e-09 	1.3974723e-05 	0.13176813 	0.21035871 	0.076314395 	2.8568994e-05 	834.27832 	1634260.5 	0.017850001 	-0.0080730083 	40.342421
0.14592965 	2.2183441e-09 	1.3607061e-05 	0.13157507 	0.21029601 	0.076432182 	2.7902278e-05 	890.97506 	1634255.2 	0.016135498 	-0.011684096 	45.907434
0.14758794 	2.0015072e-09 	1.326209e-05 	0.13136939 	0.2102173 	0.076545334 	2.7034346e-05 	908.82234 	1634259.9 	0.018039564 	-0.012050489 	47.612069
0.14924623 	1.8014264e-09 	1.2929786e-05 	0.13115667 	0.21012966 	0.076655899 	2.6054103e-05 	904.98525 	1634270.2 	0.021963382 	-0.01060581 	47.161979
0.15090452 	1.5750169e-09 	1.2598434e-05 	0.13094202 	0.21003952 	0.076769623 	2.5281422e-05 	903.12427 	1634280.6 	0.024234545 	-0.0097696091 	46.90146
0.15256281 	1.3139449e-09 	1.2269382e-05 	0.13072456 	0.20994489 	0.076887039 	2.4811456e-05 	903.97848 	1634290.8 	0.024234545 	-0.0097696085 	46.90146
0.15422111 	1.1157356e-09 	1.1981317e-05 	0.13049996 	0.20980746 	0.076977682 	2.5064208e-05 	904.81234 	1634297.3 	0.024234545 	-0.0097696085 	46.90146
0.1558794 	9.5378363e-10 	1.1707584e-05 	0.1302751 	0.20967165 	0.077067411 	2.5436943e-05 	910.16855 	1634303.7 	0.027043067 	-0.005865752 	47.336595
0.15753769 	8.1349132e-10 	1.1442411e-05 	0.13005009 	0.2095368 	0.077156594 	2.5881353e-05 	918.22634 	1634310 	0.031529364 	0.00037021895 	48.031675
0.15919598 	7.247001e-10 	1.120843e-05 	0.12981566 	0.20937747 	0.077233136 	2.6281996e-05 	894.92216 	1634319.5 	0.029795331 	0.0026407033 	45.615088
0.16085427 	7.1143826e-10 	1.102019e-05 	0.12956744 	0.20918223 	0.077291139 	2.6618451e-05 	825.6238 	1634333.5 	0.018938821 	-0.00090442914 	38.635059
0.16251256 	6.1122951e-10 	1.0801206e-05 	0.12932061 	0.20898416 	0.077350471 	2.7262684e-05 	809.70421 	1634347.4 	0.016346807 	-0.0017508365 	36.968563
0.16417085 	4.8375139e-10 	1.0572579e-05 	0.12907421 	0.20878522 	0.077410219 	2.8003446e-05 	810.52592 	1634361.3 	0.016346807 	-0.0017508365 	36.968563
0.16582915 	4.3639399e-10 	1.0345065e-05 	0.12880604 	0.20853204 	0.077436318 	2.7881647e-05 	811.33736 	1634362.2 	0.016346806 	-0.0017508365 	36.968563
0.16748744 	4.106899e-10 	1.0117853e-05 	0.128532 	0.2082642 	0.077453325 	2.7526735e-05 	812.14603 	1634359.6 	0.016346806 	-0.0017508365 	36.968563
0.16914573 	4.0438537e-10 	9.8747582e-06 	0.12826235 	0.20800272 	0.077468978 	2.6754908e-05 	785.46666 	1634357 	0.011614854 	-0.0039569102 	34.339117
0.17080402 	4.0462663e-10 	9.6243682e-06 	0.12799322 	0.20773512 	0.077477214 	2.5783235e-05 	754.4483 	1634352.9 	0.0058477455 	-0.0062245658 	31.322452
0.17246231 	4.1514312e-10 	9.3560467e-06 	0.12772168 	0.20743035 	0.077450522 	2.4299903e-05 	733.13136 	1634341.4 	0.00033410719 	-0.0063047238 	29.37065
0.1741206 	4.2558603e-10 	9.1232675e-06 	0.12744133 	0.20711408 	0.077424354 	2.3428775e-05 	731.41329 	1634330 	-0.00028908048 	-0.0063137838 	29.150044
0.17577889 	4.3601956e-10 	8.8950174e-06 	0.12715986 	0.20679635 	0.077398252 	2.2635661e-05 	732.1927 	1634318.5 	-0.00028908048 	-0.0063137838 	29.150044
0.17743719 	4.5436744e-10 	8.674271e-06 	0.12686711 	0.20644571 	0.077351117 	2.1898691e-05 	732.96087 	1634309.6 	-0.0002890808 	-0.0063137838 	29.150044
0.17909548 	4.7916776e-10 	8.4596423e-06 	0.12656516 	0.20606825 	0.077286834 	2.1207495e-05 	733.71988 	1634302.8 	-0.0002890808 	-0.0063137838 	29.150044
0.18075377 	5.0119492e-10 	8.2386263e-06 	0.12626531 	0.20569374 	0.077222917 	2.0404497e-05 	733.24958 	1634296.1 	-0.0007816797 	-0.005581135 	29.092072
0.18241206 	5.130835e-10 	7.9942585e-06 	0.1259731 	0.20533005 	0.077160341 	1.9192758e-05 	728.28498 	1634289.4 	-0.0030752028 	-0.0021699478 	28.822153
0.18407035 	5.3307669e-10 	7.7787207e-06 	0.12565885 	0.20491379 	0.077069209 	1.821622e-05 	722.92178 	1634283.4 	-0.0040558518 	0.0011013944 	28.571939
0.18572864 	5.6740773e-10 	7.5761437e-06 	0.12533915 	0.20448762 	0.076974765 	1.7580781e-05 	721.48135 	1634277.4 	-0.0043716636 	0.0022639849 	28.483249
0.18738693 	6.0935746e-10 	7.3795939e-06 	0.1250173 	0.20405806 	0.076879627 	1.7124898e-05 	722.22994 	1634271.4 	-0.0043716636 	0.0022639849 	28.483249
0.18904523 	6.7354256e-10 	7.18987e-06 	0.12468576 	0.20360884 	0.076774936 	1.6688795e-05 	722.97545 	1634264.4 	-0.0043716635 	0.0022639851 	28.483249
0.19070352 	7.8618979e-10 	7.0150233e-06 	0.12433307 	0.20311676 	0.076649426 	1.6295804e-05 	723.71425 	1634255 	-0.0043716635 	0.0022639851 	28.483249
0.19236181 	8.9883702e-10 	6.8401767e-06 	0.12398039 	0.20262468 	0.076523916 	1.5902812e-05 	724.45305 	1634245.6 	-0.0043716635 	0.0022639851 	28.483249
0.1940201 	9.5527556e-10 	6.6572309e-06 	0.12363009 	0.20213703 	0.076399475 	1.5014728e-05 	718.25495 	1634236.3 	-0.0049447961 	0.0049759052 	28.245128
0.19567839 	1.0797156e-09 	6.5013421e-06 	0.12327455 	0.20163135 	0.07626261 	1.4174032e-05 	711.20846 	1634221.2 	-0.0055628894 	0.0078628188 	28.007335
0.19733668 	1.2987193e-09 	6.3574931e-06 	0.12291816 	0.20111963 	0.076120883 	1.3547242e-05 	707.13124 	1634203.7 	-0.0059389453 	0.0096100681 	27.867285
0.19899497 	1.6118181e-09 	6.2139189e-06 	0.12256386 	0.20061058 	0.075979979 	1.3197521e-05 	707.85699 	1634186.3 	-0.0059389453 	0.0096100681 	27.867285
0.20065327 	2.0754205e-09 	6.0734651e-06 	0.12220874 	0.20009943 	0.075837835 	1.2847274e-05 	708.58045 	1634168.2 	-0.0059389462 	0.0096100682 	27.867285
0.20231156 	4.3143376e-09 	5.9698196e-06 	0.12184382 	0.19956358 	0.075681077 	1.2490817e-05 	709.27694 	1634143 	-0.0059389462 	0.0096100682 	27.867285
0.20396985 	6.5532548e-09 	5.8661741e-06 	0.12147891 	0.19902772 	0.075524319 	1.213436e-05 	709.97344 	1634117.7 	-0.0059389462 	0.0096100682 	27.867285
0.20562814 	9.0945497e-09 	5.7682211e-06 	0.1211083 	0.19848352 	0.07536485 	1.147338e-05 	703.45636 	1634092.4 	-0.006558164 	0.0094896234 	27.653188
0.20728643 	1.7916263e-08 	5.7023879e-06 	0.12071666 	0.19790328 	0.075191152 	1.0719357e-05 	693.65923 	1634073.7 	-0.0071418673 	0.0090795294 	27.314333
0.20894472 	3.3263019e-08 	5.6690836e-06 	0.12030413 	0.19728646 	0.075002679 	1.0033966e-05 	684.80333 	1634062.7 	-0.0073898019 	0.0084965549 	26.981504
0.21060302 	4.5061223e-08 	5.6214502e-06 	0.11989924 	0.19668154 	0.074818421 	9.6321635e-06 	685.47942 	1634051.6 	-0.0073898019 	0.0084965549 	26.981504
0.21226131 	5.6859428e-08 	5.5738169e-06 	0.11949435 	0.19607662 	0.074634163 	9.2303612e-06 	686.15552 	1634040.6 	-0.0073898019 	0.0084965549 	26.981504
0.2139196 	9.2765919e-08 	5.5946402e-06 	0.11905769 	0.19541634 	0.074427701 	8.800218e-06 	686.82284 	1634032.7 	-0.0073898 	0.0084965548 	26.981504
0.21557789 	1.3320354e-07 	5.6283298e-06 	0.11861505 	0.19474565 	0.074217067 	8.3647483e-06 	687.48851 	1634025.5 	-0.0073898 	0.0084965548 	26.981504
0.21723618 	1.8108076e-07 	5.6773448e-06 	0.11816574 	0.19406428 	0.07400255 	7.7840805e-06 	681.45654 	1634018.3 	-0.0069378767 	0.011133538 	26.761245
0.21889447 	2.5605314e-07 	5.7684495e-06 	0.11770492 	0.19336284 	0.073779878 	7.0792123e-06 	668.85143 	1634004.7 	-0.0064090618 	0.015678645 	26.337189
0.22055276 	4.0058059e-07 	5.9551787e-06 	0.11722616 	0.19262696 	0.073541691 	6.4217309e-06 	655.50145 	1633968.9 	-0.0071029869 	0.018156508 	25.931576
0.22221106 	5.1170426e-07 	6.1015033e-06 	0.11676393 	0.19191787 	0.073313252 	5.9732794e-06 	655.23051 	1633933.3 	-0.0071485631 	0.018319251 	25.904936
0.22386935 	6.2047978e-07 	6.2449876e-06 	0.11630285 	0.19121066 	0.073085498 	5.5395218e-06 	655.87897 	1633897.7 	-0.0071485631 	0.018319251 	25.904936
0.22552764 	8.3534938e-07 	6.4889615e-06 	0.11579821 	0.19043094 	0.072830989 	5.1070488e-06 	656.51601 	1633859.5 	-0.0071485632 	0.018319251 	25.904936
0.22718593 	1.1193644e-06 	6.7984282e-06 	0.11526517 	0.18960396 	0.072559042 	4.675413e-06 	657.14562 	1633819.6 	-0.0071485632 	0.018319251 	25.904936
0.22884422 	1.425437e-06 	7.1231474e-06 	0.11472707 	0.18876858 	0.072283978 	4.1990734e-06 	653.55543 	1633779.8 	-0.0074136998 	0.017914166 	25.769446
0.23050251 	1.789219e-06 	7.4877716e-06 	0.1141757 	0.1879112 	0.072000759 	3.6057747e-06 	638.92498 	1633740 	-0.008372515 	0.016449254 	25.279476
0.2321608 	2.7387744e-06 	8.1361807e-06 	0.11348203 	0.18682148 	0.071636262 	3.1115386e-06 	622.74289 	1633700.1 	-0.0084318449 	0.017717108 	24.716301
0.2338191 	3.5702761e-06 	8.7419675e-06 	0.11279922 	0.18575033 	0.071278693 	2.6904357e-06 	618.28496 	1633660.1 	-0.0084462428 	0.018110434 	24.546037
0.23547739 	4.3474705e-06 	9.3277431e-06 	0.11212188 	0.18468851 	0.070924573 	2.3003948e-06 	618.90406 	1633620.1 	-0.0084462428 	0.018110434 	24.546037
0.23713568 	5.6246806e-06 	1.0075589e-05 	0.1113792 	0.18351968 	0.070534353 	1.9487498e-06 	619.52261 	1633566.6 	-0.0084462499 	0.018110437 	24.546036
0.23879397 	7.7567132e-06 	1.1100509e-05 	0.11052482 	0.18216789 	0.070082415 	1.6627457e-06 	620.1403 	1633489.8 	-0.0084462499 	0.018110437 	24.546036
0.24045226 	9.9051553e-06 	1.2128557e-05 	0.10966962 	0.18081467 	0.069629994 	1.374536e-06 	620.03525 	1633413 	-0.008434722 	0.018246139 	24.524172
0.24211055 	1.2448025e-05 	1.3231765e-05 	0.10879459 	0.17942729 	0.069165948 	1.0333114e-06 	602.55801 	1633336.2 	-0.0081461026 	0.021643654 	23.976761
0.24376884 	1.8144056e-05 	1.4873785e-05 	0.10777851 	0.17780579 	0.068634634 	8.0968577e-07 	584.79724 	1633209.9 	-0.0081012971 	0.024203581 	23.505221
0.24542714 	2.4460358e-05 	1.6652642e-05 	0.1067268 	0.17612589 	0.068086168 	6.3518575e-07 	575.08354 	1633067.2 	-0.0081214783 	0.025480357 	23.255483
0.24708543 	3.0235756e-05 	1.8378247e-05 	0.10568928 	0.17447046 	0.067544261 	4.7352611e-07 	575.70982 	1632924.4 	-0.008121479 	0.025480356 	23.255484
0.24874372 	3.6869332e-05 	2.0191337e-05 	0.10463982 	0.1727945 	0.066999905 	3.1943603e-07 	574.93062 	1632774.1 	-0.0079970232 	0.025463233 	23.237508
0.25040201 	5.3098064e-05 	2.2982567e-05 	0.10345678 	0.17088892 	0.066428174 	2.4996152e-07 	558.44225 	1632539.4 	-0.0064790042 	0.025254421 	23.01885
0.2520603 	6.7848939e-05 	2.569568e-05 	0.1022932 	0.16901687 	0.065860312 	1.8492601e-07 	553.67172 	1632304.9 	-0.0060001553 	0.025188496 	22.950002
0.25371859 	8.1918744e-05 	2.8372799e-05 	0.10113858 	0.16716027 	0.065294232 	1.2193704e-07 	554.30129 	1632070.5 	-0.0060001551 	0.025188496 	22.950002
0.25537688 	0.0001015311 	3.1430578e-05 	0.09993848 	0.16522628 	0.064735748 	6.8290341e-08 	551.47992 	1631809.4 	-0.0050263746 	0.024101516 	22.961381
0.25703518 	0.00014187287 	3.5912011e-05 	0.098568282 	0.16300281 	0.064205676 	4.9582094e-08 	535.75407 	1631448.8 	-0.00040862408 	0.018948963 	23.015535
0.25869347 	0.00017763233 	4.0272567e-05 	0.097222482 	0.16082177 	0.06366157 	3.2167457e-08 	536.20389 	1631088.6 	-0.00033620439 	0.018868154 	23.016389
0.26035176 	0.00021331879 	4.4631197e-05 	0.09587707 	0.15864141 	0.06311724 	1.4773434e-08 	536.91143 	1630728.4 	-0.00033620412 	0.018868154 	23.016389
0.26201005 	0.00029722864 	5.0998288e-05 	0.094410121 	0.15624362 	0.062816642 	9.9137709e-09 	525.10429 	1630321.2 	0.00045751164 	0.012168235 	23.60117
0.26366834 	0.00038158064 	5.7521121e-05 	0.092943002 	0.15384462 	0.062517718 	6.5960248e-09 	519.73523 	1629908.7 	0.00084748187 	0.0088733413 	23.88886
0.26532663 	0.00046190761 	6.3984692e-05 	0.091486773 	0.15146437 	0.062198008 	3.3582003e-09 	520.58147 	1629496.3 	0.00084748187 	0.0088733413 	23.88886
0.26698492 	0.00060122925 	7.2339245e-05 	0.089922471 	0.14889491 	0.062215979 	1.5321642e-09 	514.13447 	1629035 	0.0042314665 	0.0054260528 	24.355765
0.26864322 	0.00079675539 	8.2513898e-05 	0.088254606 	0.1461441 	0.062555129 	1.0654936e-09 	501.33263 	1628526.5 	0.010586578 	-0.0010324833 	25.230887
0.27030151 	0.00097871891 	9.2639443e-05 	0.08659884 	0.14341423 	0.062805721 	5.9743948e-10 	502.43281 	1628018.2 	0.010586578 	-0.0010324833 	25.230887
0.2719598 	0.0011792948 	0.00010343927 	0.084905724 	0.14062162 	0.063163681 	1.7773223e-10 	502.67451 	1627519.8 	0.011572275 	-0.0025410344 	26.655928
0.27361809 	0.001513808 	0.00011911135 	0.082943142 	0.13737618 	0.064292781 	1.0559928e-10 	496.90927 	1627094.2 	0.019624568 	-0.015053006 	38.48799
0.27527638 	0.0018235576 	0.0001328767 	0.08122447 	0.13451226 	0.065361257 	5.541143e-11 	494.20754 	1626580.2 	0.05359628 	-0.01565699 	41.400038
0.27693467 	0.0021419528 	0.0001455316 	0.079926332 	0.13228667 	0.066641621 	9.0265293e-11 	486.37546 	1625823.2 	0.046028462 	-0.025405341 	41.803514
0.27859296 	0.0028116917 	0.00017119839 	0.077505955 	0.12825427 	0.0697616 	1.7352733e-10 	469.35259 	1625052.7 	0.013409541 	-0.0079484653 	45.725851
0.28025126 	0.0034064001 	0.00019226088 	0.075826836 	0.12534671 	0.072648623 	2.2044252e-10 	453.44162 	1624170.7 	-0.012976951 	-0.027017964 	52.018377
0.28190955 	0.0046269806 	0.00023248711 	0.073103181 	0.12073567 	0.079006498 	2.8827748e-10 	449.56045 	1623315.8 	-0.011957866 	0.0034326474 	39.548767
0.28356784 	0.0060474498 	0.00027723591 	0.070755526 	0.11665407 	0.086528111 	2.5840359e-10 	437.93023 	1622194.4 	-0.018347165 	0.00044312397 	42.653109
0.28522613 	0.0079296239 	0.00033294932 	0.068161875 	0.11214031 	0.096458424 	2.2333815e-10 	423.67447 	1620779.2 	0.025523218 	0.0067256569 	43.328038
0.28688442 	0.010592161 	0.00040560605 	0.065436871 	0.10733358 	0.11019721 	1.6763876e-10 	410.27816 	1618846.1 	0.018964644 	0.035359275 	45.525755
0.28854271 	0.014180245 	0.00049437913 	0.062544185 	0.10219583 	0.12779012 	1.1682081e-10 	408.44376 	1615941.6 	-0.033994794 	0.034011725 	47.271122
0.29020101 	0.018592216 	0.00059408119 	0.05945729 	0.096707414 	0.14879722 	7.6040258e-11 	390.5551 	1612026.6 	-0.1472929 	0.018065174 	55.856981
0.2918593 	0.024604132 	0.00070791264 	0.056055945 	0.0906891 	0.17513581 	5.3428672e-11 	376.67085 	1604822.8 	-0.20544088 	-0.029096144 	67.145936
0.29351759 	0.032509668 	0.00081725966 	0.052202696 	0.083990163 	0.20677617 	4.2938746e-11 	370.11631 	1593633.8 	0.38172536 	0.018616911 	78.889499
0.29517588 	0.04235915 	0.00090387406 	0.047737691 	0.076412346 	0.24360038 	3.9467501e-11 	368.63088 	1576486.2 	-0.33108536 	-0.050604568 	92.618777
0.29683417 	0.053830175 	0.00096376854 	0.042917648 	0.068365773 	0.28332776 	2.9781168e-11 	367.00279 	1551316.9 	0.60167893 	-0.040342216 	110.4005
0.29849246 	0.065001867 	0.00099095332 	0.038302089 	0.060765058 	0.3209442 	1.0407568e-11 	365.31467 	1518233.5 	0.8408293 	-0.055422883 	131.26246
0.30015075 	0.076355614 	0.00096676627 	0.03366145 	0.05324691 	0.35868603 	1.9525336e-14 	359.43474 	1456613 	-0.73403854 	0.16972048 	161.30767
0.30180905 	0.086360737 	0.00094152141 	0.029757199 	0.046956611 	0.3898213 	0 	351.5703 	1343301 	-3.5774363 	0.25878145 	205.53075
0.30346734 	0.098148516 	0.00088323499 	0.025340805 	0.039905736 	0.42511397 	0 	335.41933 	1150739.2 	0.79914168 	0.60647042 	281.0011
0.30512563 	0.10687012 	0.00080925732 	0.021974562 	0.034581862 	0.45253443 	0 	310.06737 	842038.94 	-0.45303241 	0.95198455 	371.60751
0.30678392 	0.11401099 	0.00072967948 	0.019079717 	0.030019799 	0.47661442 	0 	286.71037 	610792.96 	2.4905156 	1.7444604 	432.61517
0.30844221 	0.11900288 	0.00067765127 	0.017199569 	0.027057946 	0.49275603 	0 	272.18363 	471293.86 	3.6378267 	0.7964478 	471.44916
